16
16
14
12
10
08
12
32 106
40 -9
5
23 H 093
65
23 4
24 0-9*
83 (?)
19 6
33 107
75 -6
245
0/0
36 099
83 -18
205 110
11
36 129
62 ->12
236 2
87
26
14
III
36 143
23 (?) -3
14 6
51 148
82 (?)
31 7
6
40 138
44 (?)
42 50
44 162
51 (?)
5 1
46 (?) 157
41 -29
50
53 159
83 -24
29 9
031 164
83 -15
425
25 059
50 34
36 17
55 175
82 -24
3 5 2
4
55 177
82 -26
40 9
56 172
00 -26
33 5
64 189
29
51 143
75 033
41 9
183
42
26
55 166
31 -13
46
54 107
63 +11
35
2 5
54 164
38 183
82 -21
35 4
16
14
18
250600Z
20
Incl 5°