Page 4

16 16 14 12 1° 08

23 M 093
65 51
23 (?) 7

30 099
55 -18
05 110

33 106
40 -9
5

123
(?) -9
85 87
19 6

33 107
75 -6
24 5

36 129
62 -92
23 6 2

87
26.

111
36 143
23 4 6

44 102
51 (?)
3
5 1

40 138
44 50
42

51 (?)
80 -9? -24
31 7

31 164
83 -15
42 5

25 059
50 34
26 17

55 115
82 -24
35 2
4

55 127
62 -26
40 9

52 (?) 145
00 26
33

14
169 -4
29
2

46 157
(?) -29
50
059

53 159
83 (?) -241
29 9

54 164

107
63 +11
35
2 5

38 4
82 -21
35
183

51 143
75 33
4 9

183
42
25

55 166
31 -13
46

Incl 5³

14
16
18
20

250600Z
